(kicad_pcb (version 20171130) (host pcbnew 5.0.2-bee76a0~70~ubuntu18.04.1)

  (general
    (thickness 1.6)
    (drawings 4)
    (tracks 208)
    (zones 0)
    (modules 16)
    (nets 45)
  )

  (page A4)
  (layers
    (0 F.Cu signal)
    (31 B.Cu signal)
    (32 B.Adhes user)
    (33 F.Adhes user)
    (34 B.Paste user)
    (35 F.Paste user)
    (36 B.SilkS user)
    (37 F.SilkS user)
    (38 B.Mask user)
    (39 F.Mask user)
    (40 Dwgs.User user)
    (41 Cmts.User user)
    (42 Eco1.User user)
    (43 Eco2.User user)
    (44 Edge.Cuts user)
    (45 Margin user)
    (46 B.CrtYd user)
    (47 F.CrtYd user)
    (48 B.Fab user)
    (49 F.Fab user)
  )

  (setup
    (last_trace_width 0.25)
    (trace_clearance 0.2)
    (zone_clearance 0.508)
    (zone_45_only no)
    (trace_min 0.2)
    (segment_width 0.2)
    (edge_width 0.15)
    (via_size 0.8)
    (via_drill 0.4)
    (via_min_size 0.4)
    (via_min_drill 0.3)
    (uvia_size 0.3)
    (uvia_drill 0.1)
    (uvias_allowed no)
    (uvia_min_size 0.2)
    (uvia_min_drill 0.1)
    (pcb_text_width 0.3)
    (pcb_text_size 1.5 1.5)
    (mod_edge_width 0.15)
    (mod_text_size 1 1)
    (mod_text_width 0.15)
    (pad_size 1.524 1.524)
    (pad_drill 0.762)
    (pad_to_mask_clearance 0.051)
    (solder_mask_min_width 0.25)
    (aux_axis_origin 0 0)
    (visible_elements FFFFFF7F)
    (pcbplotparams
      (layerselection 0x010fc_ffffffff)
      (usegerberextensions false)
      (usegerberattributes false)
      (usegerberadvancedattributes false)
      (creategerberjobfile false)
      (excludeedgelayer true)
      (linewidth 0.100000)
      (plotframeref false)
      (viasonmask false)
      (mode 1)
      (useauxorigin false)
      (hpglpennumber 1)
      (hpglpenspeed 20)
      (hpglpendiameter 15.000000)
      (psnegative false)
      (psa4output false)
      (plotreference true)
      (plotvalue true)
      (plotinvisibletext false)
      (padsonsilk false)
      (subtractmaskfromsilk false)
      (outputformat 1)
      (mirror false)
      (drillshape 1)
      (scaleselection 1)
      (outputdirectory ""))
  )

  (net 0 "")
  (net 1 GND)
  (net 2 /3V3)
  (net 3 "Net-(C5-Pad2)")
  (net 4 /CTR_ELECT)
  (net 5 /WRK_ELECT)
  (net 6 /AIN_TIA)
  (net 7 /DAC_SETPT)
  (net 8 /REF_ELECT_BUF)
  (net 9 "Net-(U1-Pad1)")
  (net 10 "Net-(U1-Pad2)")
  (net 11 "Net-(U1-Pad3)")
  (net 12 "Net-(U1-Pad4)")
  (net 13 "Net-(U1-Pad5)")
  (net 14 "Net-(U1-Pad6)")
  (net 15 "Net-(U1-Pad7)")
  (net 16 "Net-(U1-Pad8)")
  (net 17 "Net-(U1-Pad9)")
  (net 18 "Net-(U1-Pad10)")
  (net 19 "Net-(U1-Pad11)")
  (net 20 "Net-(U1-Pad12)")
  (net 21 "Net-(U1-Pad13)")
  (net 22 "Net-(U1-Pad15)")
  (net 23 /DAC_VGND)
  (net 24 "Net-(U1-Pad19)")
  (net 25 "Net-(U1-Pad20)")
  (net 26 "Net-(U1-Pad22)")
  (net 27 "Net-(U1-Pad23)")
  (net 28 "Net-(U1-Pad24)")
  (net 29 "Net-(U1-Pad25)")
  (net 30 "Net-(U1-Pad26)")
  (net 31 "Net-(U1-Pad27)")
  (net 32 "Net-(U1-Pad28)")
  (net 33 "Net-(U2-Pad7)")
  (net 34 "Net-(U2-Pad5)")
  (net 35 "Net-(U2-Pad2)")
  (net 36 /VGND)
  (net 37 /REF_ELECT)
  (net 38 "Net-(U3-Pad5)")
  (net 39 "Net-(U4-Pad7)")
  (net 40 "Net-(U4-Pad5)")
  (net 41 "Net-(U4-Pad2)")
  (net 42 "Net-(U5-Pad2)")
  (net 43 "Net-(U5-Pad5)")
  (net 44 "Net-(U5-Pad7)")

  (net_class Default "This is the default net class."
    (clearance 0.2)
    (trace_width 0.25)
    (via_dia 0.8)
    (via_drill 0.4)
    (uvia_dia 0.3)
    (uvia_drill 0.1)
    (add_net /3V3)
    (add_net /AIN_TIA)
    (add_net /CTR_ELECT)
    (add_net /DAC_SETPT)
    (add_net /DAC_VGND)
    (add_net /REF_ELECT)
    (add_net /REF_ELECT_BUF)
    (add_net /VGND)
    (add_net /WRK_ELECT)
    (add_net GND)
    (add_net "Net-(C5-Pad2)")
    (add_net "Net-(U1-Pad1)")
    (add_net "Net-(U1-Pad10)")
    (add_net "Net-(U1-Pad11)")
    (add_net "Net-(U1-Pad12)")
    (add_net "Net-(U1-Pad13)")
    (add_net "Net-(U1-Pad15)")
    (add_net "Net-(U1-Pad19)")
    (add_net "Net-(U1-Pad2)")
    (add_net "Net-(U1-Pad20)")
    (add_net "Net-(U1-Pad22)")
    (add_net "Net-(U1-Pad23)")
    (add_net "Net-(U1-Pad24)")
    (add_net "Net-(U1-Pad25)")
    (add_net "Net-(U1-Pad26)")
    (add_net "Net-(U1-Pad27)")
    (add_net "Net-(U1-Pad28)")
    (add_net "Net-(U1-Pad3)")
    (add_net "Net-(U1-Pad4)")
    (add_net "Net-(U1-Pad5)")
    (add_net "Net-(U1-Pad6)")
    (add_net "Net-(U1-Pad7)")
    (add_net "Net-(U1-Pad8)")
    (add_net "Net-(U1-Pad9)")
    (add_net "Net-(U2-Pad2)")
    (add_net "Net-(U2-Pad5)")
    (add_net "Net-(U2-Pad7)")
    (add_net "Net-(U3-Pad5)")
    (add_net "Net-(U4-Pad2)")
    (add_net "Net-(U4-Pad5)")
    (add_net "Net-(U4-Pad7)")
    (add_net "Net-(U5-Pad2)")
    (add_net "Net-(U5-Pad5)")
    (add_net "Net-(U5-Pad7)")
  )

  (module feather_wing:feather_wing (layer F.Cu) (tedit 5D5EF0A5) (tstamp 5D7F9D47)
    (at 50.8 50.8)
    (path /5D5AD507)
    (fp_text reference U1 (at 0 -26.67) (layer F.SilkS) hide
      (effects (font (size 1 1) (thickness 0.15)))
    )
    (fp_text value feather_wing (at 0 27.94) (layer F.Fab) hide
      (effects (font (size 1 1) (thickness 0.15)))
    )
    (fp_text user RST (at 7.62 19.05) (layer F.SilkS)
      (effects (font (size 1.016 1.016) (thickness 0.2032)))
    )
    (fp_text user 3V (at 7.874 16.51) (layer F.SilkS)
      (effects (font (size 1.016 1.016) (thickness 0.2032)))
    )
    (fp_text user AREF (at 7.112 13.97) (layer F.SilkS)
      (effects (font (size 1.016 1.016) (thickness 0.2032)))
    )
    (fp_text user GND (at 7.366 11.43) (layer F.SilkS)
      (effects (font (size 1.016 1.016) (thickness 0.2032)))
    )
    (fp_text user A0 (at 7.874 8.89) (layer F.SilkS)
      (effects (font (size 1.016 1.016) (thickness 0.2032)))
    )
    (fp_text user A1 (at 7.874 6.35) (layer F.SilkS)
      (effects (font (size 1.016 1.016) (thickness 0.2032)))
    )
    (fp_text user A2 (at 7.874 3.81) (layer F.SilkS)
      (effects (font (size 1.016 1.016) (thickness 0.2032)))
    )
    (fp_text user A3 (at 7.874 1.27) (layer F.SilkS)
      (effects (font (size 1.016 1.016) (thickness 0.2032)))
    )
    (fp_text user A4 (at 7.874 -1.27) (layer F.SilkS)
      (effects (font (size 1.016 1.016) (thickness 0.2032)))
    )
    (fp_text user A5 (at 7.874 -3.81) (layer F.SilkS)
      (effects (font (size 1.016 1.016) (thickness 0.2032)))
    )
    (fp_text user SCK (at 7.62 -6.35) (layer F.SilkS)
      (effects (font (size 1.016 1.016) (thickness 0.2032)))
    )
    (fp_text user MOSI (at 7.112 -8.636) (layer F.SilkS)
      (effects (font (size 1.016 1.016) (thickness 0.2032)))
    )
    (fp_text user MISO (at 7.112 -11.43) (layer F.SilkS)
      (effects (font (size 1.016 1.016) (thickness 0.2032)))
    )
    (fp_text user RX (at 8.128 -13.716) (layer F.SilkS)
      (effects (font (size 1.016 1.016) (thickness 0.2032)))
    )
    (fp_text user TX (at 8.128 -16.51) (layer F.SilkS)
      (effects (font (size 1.016 1.016) (thickness 0.2032)))
    )
    (fp_text user BSPEC (at 7.366 -20.066 -60) (layer F.SilkS)
      (effects (font (size 1.016 1.016) (thickness 0.2032)))
    )
    (fp_text user BAT (at -7.747 8.89) (layer F.SilkS)
      (effects (font (size 1.016 1.016) (thickness 0.2032)))
    )
    (fp_text user EN (at -8.128 6.35) (layer F.SilkS)
      (effects (font (size 1.016 1.016) (thickness 0.2032)))
    )
    (fp_text user USB (at -7.62 3.81) (layer F.SilkS)
      (effects (font (size 1.016 1.016) (thickness 0.2032)))
    )
    (fp_text user D13 (at -7.62 1.27) (layer F.SilkS)
      (effects (font (size 1.016 1.016) (thickness 0.2032)))
    )
    (fp_text user D12 (at -7.62 -1.016) (layer F.SilkS)
      (effects (font (size 1.016 1.016) (thickness 0.2032)))
    )
    (fp_text user D11 (at -7.62 -3.81) (layer F.SilkS)
      (effects (font (size 1.016 1.016) (thickness 0.2032)))
    )
    (fp_text user D10 (at -7.62 -6.35) (layer F.SilkS)
      (effects (font (size 1.016 1.016) (thickness 0.2032)))
    )
    (fp_text user D9 (at -8.128 -8.89) (layer F.SilkS)
      (effects (font (size 1.016 1.016) (thickness 0.2032)))
    )
    (fp_text user D6 (at -8.128 -11.43) (layer F.SilkS)
      (effects (font (size 1.016 1.016) (thickness 0.2032)))
    )
    (fp_text user D5 (at -8.128 -13.843) (layer F.SilkS)
      (effects (font (size 1.016 1.016) (thickness 0.2032)))
    )
    (fp_text user SCL (at -7.62 -16.51) (layer F.SilkS)
      (effects (font (size 1.016 1.016) (thickness 0.2032)))
    )
    (fp_text user SDA (at -7.62 -19.05) (layer F.SilkS)
      (effects (font (size 1.016 1.016) (thickness 0.2032)))
    )
    (fp_text user RST (at 7.62 19.05) (layer B.SilkS)
      (effects (font (size 1.016 1.016) (thickness 0.2032)) (justify mirror))
    )
    (fp_text user 3V (at 7.874 16.51) (layer B.SilkS)
      (effects (font (size 1.016 1.016) (thickness 0.2032)) (justify mirror))
    )
    (fp_text user AREF (at 7.112 13.97) (layer B.SilkS)
      (effects (font (size 1.016 1.016) (thickness 0.2032)) (justify mirror))
    )
    (fp_text user GND (at 7.366 11.43) (layer B.SilkS)
      (effects (font (size 1.016 1.016) (thickness 0.2032)) (justify mirror))
    )
    (fp_text user A0 (at 7.874 8.89) (layer B.SilkS)
      (effects (font (size 1.016 1.016) (thickness 0.2032)) (justify mirror))
    )
    (fp_text user A1 (at 7.874 6.35) (layer B.SilkS)
      (effects (font (size 1.016 1.016) (thickness 0.2032)) (justify mirror))
    )
    (fp_text user A2 (at 7.874 3.81) (layer B.SilkS)
      (effects (font (size 1.016 1.016) (thickness 0.2032)) (justify mirror))
    )
    (fp_text user A3 (at 7.874 1.27) (layer B.SilkS)
      (effects (font (size 1.016 1.016) (thickness 0.2032)) (justify mirror))
    )
    (fp_text user A4 (at 7.874 -1.27) (layer B.SilkS)
      (effects (font (size 1.016 1.016) (thickness 0.2032)) (justify mirror))
    )
    (fp_text user A5 (at 7.874 -3.81) (layer B.SilkS)
      (effects (font (size 1.016 1.016) (thickness 0.2032)) (justify mirror))
    )
    (fp_text user SCK (at 7.62 -6.35) (layer B.SilkS)
      (effects (font (size 1.016 1.016) (thickness 0.2032)) (justify mirror))
    )
    (fp_text user MOSI (at 7.112 -8.636) (layer B.SilkS)
      (effects (font (size 1.016 1.016) (thickness 0.2032)) (justify mirror))
    )
    (fp_text user MISO (at 7.112 -11.43) (layer B.SilkS)
      (effects (font (size 1.016 1.016) (thickness 0.2032)) (justify mirror))
    )
    (fp_text user RX (at 8.128 -13.716) (layer B.SilkS)
      (effects (font (size 1.016 1.016) (thickness 0.2032)) (justify mirror))
    )
    (fp_text user TX (at 8.128 -16.51) (layer B.SilkS)
      (effects (font (size 1.016 1.016) (thickness 0.2032)) (justify mirror))
    )
    (fp_text user BSPEC (at 6.604 -19.05) (layer B.SilkS)
      (effects (font (size 1.016 1.016) (thickness 0.2032)) (justify mirror))
    )
    (fp_text user BAT (at -7.62 8.89) (layer B.SilkS)
      (effects (font (size 1.016 1.016) (thickness 0.2032)) (justify mirror))
    )
    (fp_text user EN (at -8.128 6.35) (layer B.SilkS)
      (effects (font (size 1.016 1.016) (thickness 0.2032)) (justify mirror))
    )
    (fp_text user USB (at -7.62 3.81) (layer B.SilkS)
      (effects (font (size 1.016 1.016) (thickness 0.2032)) (justify mirror))
    )
    (fp_text user D13 (at -7.62 1.27) (layer B.SilkS)
      (effects (font (size 1.016 1.016) (thickness 0.2032)) (justify mirror))
    )
    (fp_text user D12 (at -7.62 -1.016) (layer B.SilkS)
      (effects (font (size 1.016 1.016) (thickness 0.2032)) (justify mirror))
    )
    (fp_text user D11 (at -7.62 -3.81) (layer B.SilkS)
      (effects (font (size 1.016 1.016) (thickness 0.2032)) (justify mirror))
    )
    (fp_text user D10 (at -7.62 -6.35) (layer B.SilkS)
      (effects (font (size 1.016 1.016) (thickness 0.2032)) (justify mirror))
    )
    (fp_text user D9 (at -8.128 -8.89) (layer B.SilkS)
      (effects (font (size 1.016 1.016) (thickness 0.2032)) (justify mirror))
    )
    (fp_text user D6 (at -8.128 -11.43) (layer B.SilkS)
      (effects (font (size 1.016 1.016) (thickness 0.2032)) (justify mirror))
    )
    (fp_text user D5 (at -8.128 -13.843) (layer B.SilkS)
      (effects (font (size 1.016 1.016) (thickness 0.2032)) (justify mirror))
    )
    (fp_text user SCL (at -7.62 -16.51) (layer B.SilkS)
      (effects (font (size 1.016 1.016) (thickness 0.2032)) (justify mirror))
    )
    (fp_text user SDA (at -7.62 -19.05) (layer B.SilkS)
      (effects (font (size 1.016 1.016) (thickness 0.2032)) (justify mirror))
    )
    (fp_line (start -11.43 -22.86) (end -11.43 22.86) (layer F.SilkS) (width 0.15))
    (fp_line (start 8.89 25.4) (end -8.89 25.4) (layer F.SilkS) (width 0.15))
    (fp_line (start 11.43 -22.86) (end 11.43 22.86) (layer F.SilkS) (width 0.15))
    (fp_line (start 8.89 -25.4) (end -8.89 -25.4) (layer F.SilkS) (width 0.15))
    (fp_arc (start -8.89 22.86) (end -11.43 22.86) (angle -90) (layer F.SilkS) (width 0.15))
    (fp_arc (start 8.89 22.86) (end 8.89 25.4) (angle -90) (layer F.SilkS) (width 0.15))
    (fp_arc (start 8.89 -22.86) (end 11.43 -22.86) (angle -90) (layer F.SilkS) (width 0.15))
    (fp_arc (start -8.89 -22.86) (end -8.89 -25.4) (angle -90) (layer F.SilkS) (width 0.15))
    (pad 28 thru_hole circle (at 10.16 -19.05) (size 1.778 1.778) (drill 1.0668) (layers *.Cu *.Mask)
      (net 32 "Net-(U1-Pad28)"))
    (pad 27 thru_hole circle (at 10.16 -16.51) (size 1.778 1.778) (drill 1.0668) (layers *.Cu *.Mask)
      (net 31 "Net-(U1-Pad27)"))
    (pad 26 thru_hole circle (at 10.16 -13.97) (size 1.778 1.778) (drill 1.0668) (layers *.Cu *.Mask)
      (net 30 "Net-(U1-Pad26)"))
    (pad 25 thru_hole circle (at 10.16 -11.43) (size 1.778 1.778) (drill 1.0668) (layers *.Cu *.Mask)
      (net 29 "Net-(U1-Pad25)"))
    (pad 24 thru_hole circle (at 10.16 -8.89) (size 1.778 1.778) (drill 1.0668) (layers *.Cu *.Mask)
      (net 28 "Net-(U1-Pad24)"))
    (pad 23 thru_hole circle (at 10.16 -6.35) (size 1.778 1.778) (drill 1.0668) (layers *.Cu *.Mask)
      (net 27 "Net-(U1-Pad23)"))
    (pad 22 thru_hole circle (at 10.16 -3.81) (size 1.778 1.778) (drill 1.0668) (layers *.Cu *.Mask)
      (net 26 "Net-(U1-Pad22)"))
    (pad 21 thru_hole circle (at 10.16 -1.27) (size 1.778 1.778) (drill 1.0668) (layers *.Cu *.Mask)
      (net 6 /AIN_TIA))
    (pad 20 thru_hole circle (at 10.16 1.27) (size 1.778 1.778) (drill 1.0668) (layers *.Cu *.Mask)
      (net 25 "Net-(U1-Pad20)"))
    (pad 19 thru_hole circle (at 10.16 3.81) (size 1.778 1.778) (drill 1.0668) (layers *.Cu *.Mask)
      (net 24 "Net-(U1-Pad19)"))
    (pad 18 thru_hole circle (at 10.16 6.35) (size 1.778 1.778) (drill 1.0668) (layers *.Cu *.Mask)
      (net 23 /DAC_VGND))
    (pad 17 thru_hole circle (at 10.16 8.89) (size 1.778 1.778) (drill 1.0668) (layers *.Cu *.Mask)
      (net 7 /DAC_SETPT))
    (pad 16 thru_hole circle (at 10.16 11.43) (size 1.778 1.778) (drill 1.0668) (layers *.Cu *.Mask)
      (net 1 GND))
    (pad 15 thru_hole circle (at 10.16 13.97) (size 1.778 1.778) (drill 1.0668) (layers *.Cu *.Mask)
      (net 22 "Net-(U1-Pad15)"))
    (pad 14 thru_hole circle (at 10.16 16.51) (size 1.778 1.778) (drill 1.0668) (layers *.Cu *.Mask)
      (net 2 /3V3))
    (pad 13 thru_hole circle (at 10.16 19.05) (size 1.778 1.778) (drill 1.0668) (layers *.Cu *.Mask)
      (net 21 "Net-(U1-Pad13)"))
    (pad 12 thru_hole circle (at -10.16 8.89) (size 1.778 1.778) (drill 1.0668) (layers *.Cu *.Mask)
      (net 20 "Net-(U1-Pad12)"))
    (pad 11 thru_hole circle (at -10.16 6.35) (size 1.778 1.778) (drill 1.0668) (layers *.Cu *.Mask)
      (net 19 "Net-(U1-Pad11)"))
    (pad 10 thru_hole circle (at -10.16 3.81) (size 1.778 1.778) (drill 1.0668) (layers *.Cu *.Mask)
      (net 18 "Net-(U1-Pad10)"))
    (pad 9 thru_hole circle (at -10.16 1.27) (size 1.778 1.778) (drill 1.0668) (layers *.Cu *.Mask)
      (net 17 "Net-(U1-Pad9)"))
    (pad 8 thru_hole circle (at -10.16 -1.27) (size 1.778 1.778) (drill 1.0668) (layers *.Cu *.Mask)
      (net 16 "Net-(U1-Pad8)"))
    (pad 7 thru_hole circle (at -10.16 -3.81) (size 1.778 1.778) (drill 1.0668) (layers *.Cu *.Mask)
      (net 15 "Net-(U1-Pad7)"))
    (pad 6 thru_hole circle (at -10.16 -6.35) (size 1.778 1.778) (drill 1.0668) (layers *.Cu *.Mask)
      (net 14 "Net-(U1-Pad6)"))
    (pad 5 thru_hole circle (at -10.16 -8.89) (size 1.778 1.778) (drill 1.0668) (layers *.Cu *.Mask)
      (net 13 "Net-(U1-Pad5)"))
    (pad 4 thru_hole circle (at -10.16 -11.43) (size 1.778 1.778) (drill 1.0668) (layers *.Cu *.Mask)
      (net 12 "Net-(U1-Pad4)"))
    (pad 3 thru_hole circle (at -10.16 -13.97) (size 1.778 1.778) (drill 1.0668) (layers *.Cu *.Mask)
      (net 11 "Net-(U1-Pad3)"))
    (pad 2 thru_hole circle (at -10.16 -16.51) (size 1.778 1.778) (drill 1.0668) (layers *.Cu *.Mask)
      (net 10 "Net-(U1-Pad2)"))
    (pad 1 thru_hole circle (at -10.16 -19.05) (size 1.778 1.778) (drill 1.0668) (layers *.Cu *.Mask)
      (net 9 "Net-(U1-Pad1)"))
    (pad "" thru_hole circle (at -8.89 22.86) (size 3.048 3.048) (drill 2.54) (layers *.Cu *.Mask))
    (pad "" thru_hole circle (at 8.89 22.86) (size 3.048 3.048) (drill 2.54) (layers *.Cu *.Mask))
    (pad "" np_thru_hole circle (at 8.89 -22.86) (size 3.048 3.048) (drill 2.54) (layers *.Cu *.Mask))
    (pad "" np_thru_hole circle (at -8.89 -22.86) (size 3.048 3.048) (drill 2.54) (layers *.Cu *.Mask))
  )

  (module OST_SCREW_TERM_3:CONNBLOCK3 (layer F.Cu) (tedit 5D5EDDE1) (tstamp 5D7F9CB5)
    (at 50.8 72.644)
    (path /5D6124F1)
    (fp_text reference J1 (at -6.731 -1.524) (layer F.SilkS)
      (effects (font (size 0.762 0.762) (thickness 0.1524)))
    )
    (fp_text value Screw_Terminal_01x03 (at -0.20066 -5.40004) (layer F.SilkS) hide
      (effects (font (size 1.524 1.524) (thickness 0.3048)))
    )
    (fp_line (start -5.79882 -3.40106) (end -5.79882 3.40106) (layer F.SilkS) (width 0.381))
    (fp_line (start -5.79882 3.40106) (end 5.79882 3.40106) (layer F.SilkS) (width 0.381))
    (fp_line (start 5.79882 3.40106) (end 5.79882 -3.40106) (layer F.SilkS) (width 0.381))
    (fp_line (start 5.79882 -3.40106) (end -5.79882 -3.40106) (layer F.SilkS) (width 0.381))
    (pad 2 thru_hole circle (at 0 0) (size 2 2) (drill 1.2) (layers *.Cu *.Mask)
      (net 37 /REF_ELECT))
    (pad 1 thru_hole rect (at -3.50012 0) (size 2 2) (drill 1.2) (layers *.Cu *.Mask)
      (net 4 /CTR_ELECT))
    (pad 3 thru_hole circle (at 3.50012 0) (size 2 2) (drill 1.2) (layers *.Cu *.Mask)
      (net 5 /WRK_ELECT))
  )

  (module Capacitor_SMD:C_0603_1608Metric_Pad1.05x0.95mm_HandSolder (layer F.Cu) (tedit 5D5EE060) (tstamp 5D7F9CAA)
    (at 51.943 53.34 180)
    (descr "Capacitor SMD 0603 (1608 Metric), square (rectangular) end terminal, IPC_7351 nominal with elongated pad for handsoldering. (Body size source: http://www.tortai-tech.com/upload/download/2011102023233369053.pdf), generated with kicad-footprint-generator")
    (tags "capacitor handsolder")
    (path /5D5D5006)
    (attr smd)
    (fp_text reference C6 (at 2.413 0 180) (layer F.SilkS)
      (effects (font (size 0.762 0.762) (thickness 0.1524)))
    )
    (fp_text value 56nF (at 0 -1.27 180) (layer F.SilkS)
      (effects (font (size 0.762 0.762) (thickness 0.1524)))
    )
    (fp_text user %R (at 0 0 180) (layer F.Fab)
      (effects (font (size 0.4 0.4) (thickness 0.06)))
    )
    (fp_line (start 1.65 0.73) (end -1.65 0.73) (layer F.CrtYd) (width 0.05))
    (fp_line (start 1.65 -0.73) (end 1.65 0.73) (layer F.CrtYd) (width 0.05))
    (fp_line (start -1.65 -0.73) (end 1.65 -0.73) (layer F.CrtYd) (width 0.05))
    (fp_line (start -1.65 0.73) (end -1.65 -0.73) (layer F.CrtYd) (width 0.05))
    (fp_line (start -0.171267 0.51) (end 0.171267 0.51) (layer F.SilkS) (width 0.12))
    (fp_line (start -0.171267 -0.51) (end 0.171267 -0.51) (layer F.SilkS) (width 0.12))
    (fp_line (start 0.8 0.4) (end -0.8 0.4) (layer F.Fab) (width 0.1))
    (fp_line (start 0.8 -0.4) (end 0.8 0.4) (layer F.Fab) (width 0.1))
    (fp_line (start -0.8 -0.4) (end 0.8 -0.4) (layer F.Fab) (width 0.1))
    (fp_line (start -0.8 0.4) (end -0.8 -0.4) (layer F.Fab) (width 0.1))
    (pad 2 smd roundrect (at 0.875 0 180) (size 1.05 0.95) (layers F.Cu F.Paste F.Mask) (roundrect_rratio 0.25)
      (net 6 /AIN_TIA))
    (pad 1 smd roundrect (at -0.875 0 180) (size 1.05 0.95) (layers F.Cu F.Paste F.Mask) (roundrect_rratio 0.25)
      (net 5 /WRK_ELECT))
    (model ${KISYS3DMOD}/Capacitor_SMD.3dshapes/C_0603_1608Metric.wrl
      (at (xyz 0 0 0))
      (scale (xyz 1 1 1))
      (rotate (xyz 0 0 0))
    )
  )

  (module Capacitor_SMD:C_0603_1608Metric_Pad1.05x0.95mm_HandSolder (layer F.Cu) (tedit 5D5EEC0B) (tstamp 5D7F9C66)
    (at 45.72 46.355 90)
    (descr "Capacitor SMD 0603 (1608 Metric), square (rectangular) end terminal, IPC_7351 nominal with elongated pad for handsoldering. (Body size source: http://www.tortai-tech.com/upload/download/2011102023233369053.pdf), generated with kicad-footprint-generator")
    (tags "capacitor handsolder")
    (path /5D5CEAC4)
    (attr smd)
    (fp_text reference C2 (at -2.413 0 90) (layer F.SilkS)
      (effects (font (size 0.762 0.762) (thickness 0.1524)))
    )
    (fp_text value 0.1uF (at 0 1.43 90) (layer F.SilkS)
      (effects (font (size 0.762 0.762) (thickness 0.1524)))
    )
    (fp_text user %R (at 0 0 90) (layer F.Fab)
      (effects (font (size 0.4 0.4) (thickness 0.06)))
    )
    (fp_line (start 1.65 0.73) (end -1.65 0.73) (layer F.CrtYd) (width 0.05))
    (fp_line (start 1.65 -0.73) (end 1.65 0.73) (layer F.CrtYd) (width 0.05))
    (fp_line (start -1.65 -0.73) (end 1.65 -0.73) (layer F.CrtYd) (width 0.05))
    (fp_line (start -1.65 0.73) (end -1.65 -0.73) (layer F.CrtYd) (width 0.05))
    (fp_line (start -0.171267 0.51) (end 0.171267 0.51) (layer F.SilkS) (width 0.12))
    (fp_line (start -0.171267 -0.51) (end 0.171267 -0.51) (layer F.SilkS) (width 0.12))
    (fp_line (start 0.8 0.4) (end -0.8 0.4) (layer F.Fab) (width 0.1))
    (fp_line (start 0.8 -0.4) (end 0.8 0.4) (layer F.Fab) (width 0.1))
    (fp_line (start -0.8 -0.4) (end 0.8 -0.4) (layer F.Fab) (width 0.1))
    (fp_line (start -0.8 0.4) (end -0.8 -0.4) (layer F.Fab) (width 0.1))
    (pad 2 smd roundrect (at 0.875 0 90) (size 1.05 0.95) (layers F.Cu F.Paste F.Mask) (roundrect_rratio 0.25)
      (net 1 GND))
    (pad 1 smd roundrect (at -0.875 0 90) (size 1.05 0.95) (layers F.Cu F.Paste F.Mask) (roundrect_rratio 0.25)
      (net 2 /3V3))
    (model ${KISYS3DMOD}/Capacitor_SMD.3dshapes/C_0603_1608Metric.wrl
      (at (xyz 0 0 0))
      (scale (xyz 1 1 1))
      (rotate (xyz 0 0 0))
    )
  )

  (module Capacitor_SMD:C_0603_1608Metric_Pad1.05x0.95mm_HandSolder (layer F.Cu) (tedit 5D5EDF25) (tstamp 5D7F9C55)
    (at 45.72 58.039 90)
    (descr "Capacitor SMD 0603 (1608 Metric), square (rectangular) end terminal, IPC_7351 nominal with elongated pad for handsoldering. (Body size source: http://www.tortai-tech.com/upload/download/2011102023233369053.pdf), generated with kicad-footprint-generator")
    (tags "capacitor handsolder")
    (path /5D5F04CE)
    (attr smd)
    (fp_text reference C1 (at -2.286 0.127 90) (layer F.SilkS)
      (effects (font (size 0.762 0.762) (thickness 0.1524)))
    )
    (fp_text value 0.1uF (at 0 1.27 90) (layer F.SilkS)
      (effects (font (size 0.762 0.762) (thickness 0.1524)))
    )
    (fp_text user %R (at 0 0 90) (layer F.Fab)
      (effects (font (size 0.4 0.4) (thickness 0.06)))
    )
    (fp_line (start 1.65 0.73) (end -1.65 0.73) (layer F.CrtYd) (width 0.05))
    (fp_line (start 1.65 -0.73) (end 1.65 0.73) (layer F.CrtYd) (width 0.05))
    (fp_line (start -1.65 -0.73) (end 1.65 -0.73) (layer F.CrtYd) (width 0.05))
    (fp_line (start -1.65 0.73) (end -1.65 -0.73) (layer F.CrtYd) (width 0.05))
    (fp_line (start -0.171267 0.51) (end 0.171267 0.51) (layer F.SilkS) (width 0.12))
    (fp_line (start -0.171267 -0.51) (end 0.171267 -0.51) (layer F.SilkS) (width 0.12))
    (fp_line (start 0.8 0.4) (end -0.8 0.4) (layer F.Fab) (width 0.1))
    (fp_line (start 0.8 -0.4) (end 0.8 0.4) (layer F.Fab) (width 0.1))
    (fp_line (start -0.8 -0.4) (end 0.8 -0.4) (layer F.Fab) (width 0.1))
    (fp_line (start -0.8 0.4) (end -0.8 -0.4) (layer F.Fab) (width 0.1))
    (pad 2 smd roundrect (at 0.875 0 90) (size 1.05 0.95) (layers F.Cu F.Paste F.Mask) (roundrect_rratio 0.25)
      (net 1 GND))
    (pad 1 smd roundrect (at -0.875 0 90) (size 1.05 0.95) (layers F.Cu F.Paste F.Mask) (roundrect_rratio 0.25)
      (net 2 /3V3))
    (model ${KISYS3DMOD}/Capacitor_SMD.3dshapes/C_0603_1608Metric.wrl
      (at (xyz 0 0 0))
      (scale (xyz 1 1 1))
      (rotate (xyz 0 0 0))
    )
  )

  (module Capacitor_SMD:C_0603_1608Metric_Pad1.05x0.95mm_HandSolder (layer F.Cu) (tedit 5D5EEDFD) (tstamp 5D7F9C77)
    (at 45.72 34.544 90)
    (descr "Capacitor SMD 0603 (1608 Metric), square (rectangular) end terminal, IPC_7351 nominal with elongated pad for handsoldering. (Body size source: http://www.tortai-tech.com/upload/download/2011102023233369053.pdf), generated with kicad-footprint-generator")
    (tags "capacitor handsolder")
    (path /5D5ADE69)
    (attr smd)
    (fp_text reference C3 (at -2.54 0 90) (layer F.SilkS)
      (effects (font (size 0.762 0.762) (thickness 0.1524)))
    )
    (fp_text value 0.1uF (at 0 1.43 90) (layer F.SilkS)
      (effects (font (size 0.762 0.762) (thickness 0.1524)))
    )
    (fp_line (start -0.8 0.4) (end -0.8 -0.4) (layer F.Fab) (width 0.1))
    (fp_line (start -0.8 -0.4) (end 0.8 -0.4) (layer F.Fab) (width 0.1))
    (fp_line (start 0.8 -0.4) (end 0.8 0.4) (layer F.Fab) (width 0.1))
    (fp_line (start 0.8 0.4) (end -0.8 0.4) (layer F.Fab) (width 0.1))
    (fp_line (start -0.171267 -0.51) (end 0.171267 -0.51) (layer F.SilkS) (width 0.12))
    (fp_line (start -0.171267 0.51) (end 0.171267 0.51) (layer F.SilkS) (width 0.12))
    (fp_line (start -1.65 0.73) (end -1.65 -0.73) (layer F.CrtYd) (width 0.05))
    (fp_line (start -1.65 -0.73) (end 1.65 -0.73) (layer F.CrtYd) (width 0.05))
    (fp_line (start 1.65 -0.73) (end 1.65 0.73) (layer F.CrtYd) (width 0.05))
    (fp_line (start 1.65 0.73) (end -1.65 0.73) (layer F.CrtYd) (width 0.05))
    (fp_text user %R (at 0 0 90) (layer F.Fab)
      (effects (font (size 0.4 0.4) (thickness 0.06)))
    )
    (pad 1 smd roundrect (at -0.875 0 90) (size 1.05 0.95) (layers F.Cu F.Paste F.Mask) (roundrect_rratio 0.25)
      (net 2 /3V3))
    (pad 2 smd roundrect (at 0.875 0 90) (size 1.05 0.95) (layers F.Cu F.Paste F.Mask) (roundrect_rratio 0.25)
      (net 1 GND))
    (model ${KISYS3DMOD}/Capacitor_SMD.3dshapes/C_0603_1608Metric.wrl
      (at (xyz 0 0 0))
      (scale (xyz 1 1 1))
      (rotate (xyz 0 0 0))
    )
  )

  (module Capacitor_SMD:C_0603_1608Metric_Pad1.05x0.95mm_HandSolder (layer F.Cu) (tedit 5D5EEF0A) (tstamp 5D7F9C88)
    (at 45.72 27.432 90)
    (descr "Capacitor SMD 0603 (1608 Metric), square (rectangular) end terminal, IPC_7351 nominal with elongated pad for handsoldering. (Body size source: http://www.tortai-tech.com/upload/download/2011102023233369053.pdf), generated with kicad-footprint-generator")
    (tags "capacitor handsolder")
    (path /5D5C0680)
    (attr smd)
    (fp_text reference C4 (at -2.413 0 90) (layer F.SilkS)
      (effects (font (size 0.762 0.762) (thickness 0.1524)))
    )
    (fp_text value 0.1uF (at -0.127 1.27 90) (layer F.SilkS)
      (effects (font (size 0.762 0.762) (thickness 0.1524)))
    )
    (fp_line (start -0.8 0.4) (end -0.8 -0.4) (layer F.Fab) (width 0.1))
    (fp_line (start -0.8 -0.4) (end 0.8 -0.4) (layer F.Fab) (width 0.1))
    (fp_line (start 0.8 -0.4) (end 0.8 0.4) (layer F.Fab) (width 0.1))
    (fp_line (start 0.8 0.4) (end -0.8 0.4) (layer F.Fab) (width 0.1))
    (fp_line (start -0.171267 -0.51) (end 0.171267 -0.51) (layer F.SilkS) (width 0.12))
    (fp_line (start -0.171267 0.51) (end 0.171267 0.51) (layer F.SilkS) (width 0.12))
    (fp_line (start -1.65 0.73) (end -1.65 -0.73) (layer F.CrtYd) (width 0.05))
    (fp_line (start -1.65 -0.73) (end 1.65 -0.73) (layer F.CrtYd) (width 0.05))
    (fp_line (start 1.65 -0.73) (end 1.65 0.73) (layer F.CrtYd) (width 0.05))
    (fp_line (start 1.65 0.73) (end -1.65 0.73) (layer F.CrtYd) (width 0.05))
    (fp_text user %R (at 0 0 90) (layer F.Fab)
      (effects (font (size 0.4 0.4) (thickness 0.06)))
    )
    (pad 1 smd roundrect (at -0.875 0 90) (size 1.05 0.95) (layers F.Cu F.Paste F.Mask) (roundrect_rratio 0.25)
      (net 2 /3V3))
    (pad 2 smd roundrect (at 0.875 0 90) (size 1.05 0.95) (layers F.Cu F.Paste F.Mask) (roundrect_rratio 0.25)
      (net 1 GND))
    (model ${KISYS3DMOD}/Capacitor_SMD.3dshapes/C_0603_1608Metric.wrl
      (at (xyz 0 0 0))
      (scale (xyz 1 1 1))
      (rotate (xyz 0 0 0))
    )
  )

  (module Capacitor_SMD:C_0603_1608Metric_Pad1.05x0.95mm_HandSolder (layer F.Cu) (tedit 5D5EEE88) (tstamp 5D7F9C99)
    (at 51.943 33.528 180)
    (descr "Capacitor SMD 0603 (1608 Metric), square (rectangular) end terminal, IPC_7351 nominal with elongated pad for handsoldering. (Body size source: http://www.tortai-tech.com/upload/download/2011102023233369053.pdf), generated with kicad-footprint-generator")
    (tags "capacitor handsolder")
    (path /5D5BB04E)
    (attr smd)
    (fp_text reference C5 (at 2.413 0 180) (layer F.SilkS)
      (effects (font (size 0.762 0.762) (thickness 0.1524)))
    )
    (fp_text value 10nF (at -0.127 -1.143 180) (layer F.SilkS)
      (effects (font (size 0.762 0.762) (thickness 0.1524)))
    )
    (fp_text user %R (at 0 0 180) (layer F.Fab)
      (effects (font (size 0.4 0.4) (thickness 0.06)))
    )
    (fp_line (start 1.65 0.73) (end -1.65 0.73) (layer F.CrtYd) (width 0.05))
    (fp_line (start 1.65 -0.73) (end 1.65 0.73) (layer F.CrtYd) (width 0.05))
    (fp_line (start -1.65 -0.73) (end 1.65 -0.73) (layer F.CrtYd) (width 0.05))
    (fp_line (start -1.65 0.73) (end -1.65 -0.73) (layer F.CrtYd) (width 0.05))
    (fp_line (start -0.171267 0.51) (end 0.171267 0.51) (layer F.SilkS) (width 0.12))
    (fp_line (start -0.171267 -0.51) (end 0.171267 -0.51) (layer F.SilkS) (width 0.12))
    (fp_line (start 0.8 0.4) (end -0.8 0.4) (layer F.Fab) (width 0.1))
    (fp_line (start 0.8 -0.4) (end 0.8 0.4) (layer F.Fab) (width 0.1))
    (fp_line (start -0.8 -0.4) (end 0.8 -0.4) (layer F.Fab) (width 0.1))
    (fp_line (start -0.8 0.4) (end -0.8 -0.4) (layer F.Fab) (width 0.1))
    (pad 2 smd roundrect (at 0.875 0 180) (size 1.05 0.95) (layers F.Cu F.Paste F.Mask) (roundrect_rratio 0.25)
      (net 3 "Net-(C5-Pad2)"))
    (pad 1 smd roundrect (at -0.875 0 180) (size 1.05 0.95) (layers F.Cu F.Paste F.Mask) (roundrect_rratio 0.25)
      (net 4 /CTR_ELECT))
    (model ${KISYS3DMOD}/Capacitor_SMD.3dshapes/C_0603_1608Metric.wrl
      (at (xyz 0 0 0))
      (scale (xyz 1 1 1))
      (rotate (xyz 0 0 0))
    )
  )

  (module Connector_PinHeader_2.54mm:PinHeader_1x03_P2.54mm_Vertical (layer F.Cu) (tedit 5D5EDE81) (tstamp 5D7F9CCC)
    (at 48.26 64.897 90)
    (descr "Through hole straight pin header, 1x03, 2.54mm pitch, single row")
    (tags "Through hole pin header THT 1x03 2.54mm single row")
    (path /5D61841A)
    (fp_text reference P1 (at 0 -2.54 90) (layer F.SilkS)
      (effects (font (size 1 1) (thickness 0.15)))
    )
    (fp_text value pin_array_3x1 (at 0 7.41 90) (layer F.Fab) hide
      (effects (font (size 1 1) (thickness 0.15)))
    )
    (fp_line (start -0.635 -1.27) (end 1.27 -1.27) (layer F.Fab) (width 0.1))
    (fp_line (start 1.27 -1.27) (end 1.27 6.35) (layer F.Fab) (width 0.1))
    (fp_line (start 1.27 6.35) (end -1.27 6.35) (layer F.Fab) (width 0.1))
    (fp_line (start -1.27 6.35) (end -1.27 -0.635) (layer F.Fab) (width 0.1))
    (fp_line (start -1.27 -0.635) (end -0.635 -1.27) (layer F.Fab) (width 0.1))
    (fp_line (start -1.33 6.41) (end 1.33 6.41) (layer F.SilkS) (width 0.12))
    (fp_line (start -1.33 1.27) (end -1.33 6.41) (layer F.SilkS) (width 0.12))
    (fp_line (start 1.33 1.27) (end 1.33 6.41) (layer F.SilkS) (width 0.12))
    (fp_line (start -1.33 1.27) (end 1.33 1.27) (layer F.SilkS) (width 0.12))
    (fp_line (start -1.33 0) (end -1.33 -1.33) (layer F.SilkS) (width 0.12))
    (fp_line (start -1.33 -1.33) (end 0 -1.33) (layer F.SilkS) (width 0.12))
    (fp_line (start -1.8 -1.8) (end -1.8 6.85) (layer F.CrtYd) (width 0.05))
    (fp_line (start -1.8 6.85) (end 1.8 6.85) (layer F.CrtYd) (width 0.05))
    (fp_line (start 1.8 6.85) (end 1.8 -1.8) (layer F.CrtYd) (width 0.05))
    (fp_line (start 1.8 -1.8) (end -1.8 -1.8) (layer F.CrtYd) (width 0.05))
    (fp_text user %R (at 0 2.54 180) (layer F.Fab)
      (effects (font (size 1 1) (thickness 0.15)))
    )
    (pad 1 thru_hole rect (at 0 0 90) (size 1.7 1.7) (drill 1) (layers *.Cu *.Mask)
      (net 4 /CTR_ELECT))
    (pad 2 thru_hole oval (at 0 2.54 90) (size 1.7 1.7) (drill 1) (layers *.Cu *.Mask)
      (net 37 /REF_ELECT))
    (pad 3 thru_hole oval (at 0 5.08 90) (size 1.7 1.7) (drill 1) (layers *.Cu *.Mask)
      (net 5 /WRK_ELECT))
    (model ${KISYS3DMOD}/Connector_PinHeader_2.54mm.3dshapes/PinHeader_1x03_P2.54mm_Vertical.wrl
      (at (xyz 0 0 0))
      (scale (xyz 1 1 1))
      (rotate (xyz 0 0 0))
    )
  )

  (module Resistor_SMD:R_0603_1608Metric_Pad1.05x0.95mm_HandSolder (layer F.Cu) (tedit 5D5EEC8C) (tstamp 5D7F9CDD)
    (at 51.943 42.926)
    (descr "Resistor SMD 0603 (1608 Metric), square (rectangular) end terminal, IPC_7351 nominal with elongated pad for handsoldering. (Body size source: http://www.tortai-tech.com/upload/download/2011102023233369053.pdf), generated with kicad-footprint-generator")
    (tags "resistor handsolder")
    (path /5D5B22E5)
    (attr smd)
    (fp_text reference R1 (at -2.413 0) (layer F.SilkS)
      (effects (font (size 0.762 0.762) (thickness 0.1524)))
    )
    (fp_text value 10k (at 0 1.43) (layer F.SilkS)
      (effects (font (size 0.762 0.762) (thickness 0.1524)))
    )
    (fp_line (start -0.8 0.4) (end -0.8 -0.4) (layer F.Fab) (width 0.1))
    (fp_line (start -0.8 -0.4) (end 0.8 -0.4) (layer F.Fab) (width 0.1))
    (fp_line (start 0.8 -0.4) (end 0.8 0.4) (layer F.Fab) (width 0.1))
    (fp_line (start 0.8 0.4) (end -0.8 0.4) (layer F.Fab) (width 0.1))
    (fp_line (start -0.171267 -0.51) (end 0.171267 -0.51) (layer F.SilkS) (width 0.12))
    (fp_line (start -0.171267 0.51) (end 0.171267 0.51) (layer F.SilkS) (width 0.12))
    (fp_line (start -1.65 0.73) (end -1.65 -0.73) (layer F.CrtYd) (width 0.05))
    (fp_line (start -1.65 -0.73) (end 1.65 -0.73) (layer F.CrtYd) (width 0.05))
    (fp_line (start 1.65 -0.73) (end 1.65 0.73) (layer F.CrtYd) (width 0.05))
    (fp_line (start 1.65 0.73) (end -1.65 0.73) (layer F.CrtYd) (width 0.05))
    (fp_text user %R (at 0 0) (layer F.Fab)
      (effects (font (size 0.4 0.4) (thickness 0.06)))
    )
    (pad 1 smd roundrect (at -0.875 0) (size 1.05 0.95) (layers F.Cu F.Paste F.Mask) (roundrect_rratio 0.25)
      (net 3 "Net-(C5-Pad2)"))
    (pad 2 smd roundrect (at 0.875 0) (size 1.05 0.95) (layers F.Cu F.Paste F.Mask) (roundrect_rratio 0.25)
      (net 7 /DAC_SETPT))
    (model ${KISYS3DMOD}/Resistor_SMD.3dshapes/R_0603_1608Metric.wrl
      (at (xyz 0 0 0))
      (scale (xyz 1 1 1))
      (rotate (xyz 0 0 0))
    )
  )

  (module Resistor_SMD:R_0603_1608Metric_Pad1.05x0.95mm_HandSolder (layer F.Cu) (tedit 5D5EEC19) (tstamp 5D7F9CEE)
    (at 45.72 40.386 270)
    (descr "Resistor SMD 0603 (1608 Metric), square (rectangular) end terminal, IPC_7351 nominal with elongated pad for handsoldering. (Body size source: http://www.tortai-tech.com/upload/download/2011102023233369053.pdf), generated with kicad-footprint-generator")
    (tags "resistor handsolder")
    (path /5D5B22EB)
    (attr smd)
    (fp_text reference R2 (at 2.413 0 270) (layer F.SilkS)
      (effects (font (size 0.762 0.762) (thickness 0.1524)))
    )
    (fp_text value 10k (at -0.127 -1.27 270) (layer F.SilkS)
      (effects (font (size 0.762 0.762) (thickness 0.1524)))
    )
    (fp_text user %R (at 0 0 270) (layer F.Fab)
      (effects (font (size 0.4 0.4) (thickness 0.06)))
    )
    (fp_line (start 1.65 0.73) (end -1.65 0.73) (layer F.CrtYd) (width 0.05))
    (fp_line (start 1.65 -0.73) (end 1.65 0.73) (layer F.CrtYd) (width 0.05))
    (fp_line (start -1.65 -0.73) (end 1.65 -0.73) (layer F.CrtYd) (width 0.05))
    (fp_line (start -1.65 0.73) (end -1.65 -0.73) (layer F.CrtYd) (width 0.05))
    (fp_line (start -0.171267 0.51) (end 0.171267 0.51) (layer F.SilkS) (width 0.12))
    (fp_line (start -0.171267 -0.51) (end 0.171267 -0.51) (layer F.SilkS) (width 0.12))
    (fp_line (start 0.8 0.4) (end -0.8 0.4) (layer F.Fab) (width 0.1))
    (fp_line (start 0.8 -0.4) (end 0.8 0.4) (layer F.Fab) (width 0.1))
    (fp_line (start -0.8 -0.4) (end 0.8 -0.4) (layer F.Fab) (width 0.1))
    (fp_line (start -0.8 0.4) (end -0.8 -0.4) (layer F.Fab) (width 0.1))
    (pad 2 smd roundrect (at 0.875 0 270) (size 1.05 0.95) (layers F.Cu F.Paste F.Mask) (roundrect_rratio 0.25)
      (net 8 /REF_ELECT_BUF))
    (pad 1 smd roundrect (at -0.875 0 270) (size 1.05 0.95) (layers F.Cu F.Paste F.Mask) (roundrect_rratio 0.25)
      (net 3 "Net-(C5-Pad2)"))
    (model ${KISYS3DMOD}/Resistor_SMD.3dshapes/R_0603_1608Metric.wrl
      (at (xyz 0 0 0))
      (scale (xyz 1 1 1))
      (rotate (xyz 0 0 0))
    )
  )

  (module Resistor_SMD:R_0603_1608Metric_Pad1.05x0.95mm_HandSolder (layer F.Cu) (tedit 5D5EDFB5) (tstamp 5D7F9CFF)
    (at 45.72 51.816 270)
    (descr "Resistor SMD 0603 (1608 Metric), square (rectangular) end terminal, IPC_7351 nominal with elongated pad for handsoldering. (Body size source: http://www.tortai-tech.com/upload/download/2011102023233369053.pdf), generated with kicad-footprint-generator")
    (tags "resistor handsolder")
    (path /5D5D50B7)
    (attr smd)
    (fp_text reference R3 (at 2.413 0 270) (layer F.SilkS)
      (effects (font (size 0.762 0.762) (thickness 0.1524)))
    )
    (fp_text value 16.5k (at 0 -1.27 270) (layer F.SilkS)
      (effects (font (size 0.762 0.762) (thickness 0.1524)))
    )
    (fp_line (start -0.8 0.4) (end -0.8 -0.4) (layer F.Fab) (width 0.1))
    (fp_line (start -0.8 -0.4) (end 0.8 -0.4) (layer F.Fab) (width 0.1))
    (fp_line (start 0.8 -0.4) (end 0.8 0.4) (layer F.Fab) (width 0.1))
    (fp_line (start 0.8 0.4) (end -0.8 0.4) (layer F.Fab) (width 0.1))
    (fp_line (start -0.171267 -0.51) (end 0.171267 -0.51) (layer F.SilkS) (width 0.12))
    (fp_line (start -0.171267 0.51) (end 0.171267 0.51) (layer F.SilkS) (width 0.12))
    (fp_line (start -1.65 0.73) (end -1.65 -0.73) (layer F.CrtYd) (width 0.05))
    (fp_line (start -1.65 -0.73) (end 1.65 -0.73) (layer F.CrtYd) (width 0.05))
    (fp_line (start 1.65 -0.73) (end 1.65 0.73) (layer F.CrtYd) (width 0.05))
    (fp_line (start 1.65 0.73) (end -1.65 0.73) (layer F.CrtYd) (width 0.05))
    (fp_text user %R (at 0 0 270) (layer F.Fab)
      (effects (font (size 0.4 0.4) (thickness 0.06)))
    )
    (pad 1 smd roundrect (at -0.875 0 270) (size 1.05 0.95) (layers F.Cu F.Paste F.Mask) (roundrect_rratio 0.25)
      (net 5 /WRK_ELECT))
    (pad 2 smd roundrect (at 0.875 0 270) (size 1.05 0.95) (layers F.Cu F.Paste F.Mask) (roundrect_rratio 0.25)
      (net 6 /AIN_TIA))
    (model ${KISYS3DMOD}/Resistor_SMD.3dshapes/R_0603_1608Metric.wrl
      (at (xyz 0 0 0))
      (scale (xyz 1 1 1))
      (rotate (xyz 0 0 0))
    )
  )

  (module SOIC-8_3.9x4.9mm_P1.27mm_HandSolder:SOIC-8_3.9x4.9mm_P1.27mm_HandSolder (layer F.Cu) (tedit 5D5EEB6C) (tstamp 5D7F9D64)
    (at 51.943 38.481 180)
    (descr "8-Lead Plastic Small Outline (SN) - Narrow, 3.90 mm Body [SOIC] (see Microchip Packaging Specification http://ww1.microchip.com/downloads/en/PackagingSpec/00000049BQ.pdf)")
    (tags "SOIC 1.27")
    (path /5D5AD6E2)
    (attr smd)
    (fp_text reference U2 (at -2.413 -3.302 180) (layer F.SilkS)
      (effects (font (size 0.762 0.762) (thickness 0.1524)))
    )
    (fp_text value LMP7721 (at 0 3.5 180) (layer F.Fab) hide
      (effects (font (size 1 1) (thickness 0.15)))
    )
    (fp_line (start -2.075 -2.525) (end -3.475 -2.525) (layer F.SilkS) (width 0.15))
    (fp_line (start -2.075 2.575) (end 2.075 2.575) (layer F.SilkS) (width 0.15))
    (fp_line (start -2.075 -2.575) (end 2.075 -2.575) (layer F.SilkS) (width 0.15))
    (fp_line (start -2.075 2.575) (end -2.075 2.43) (layer F.SilkS) (width 0.15))
